1 2 0
1 2 3
0
0
1
3 4 8
0
1
2
3
3
2
1
0
2 3 4
2
0
1
1
2 3 4
0
2
2
0
2 3 5
1
0
2
1
2
2 3 5
2
2
0
1
0
2 3 6
0
1
1
2
0
2
3 5 10
0
4
1
3
3
0
4
2
1
2
3 5 10
4
4
0
2
1
3
1
2
0
2
3 5 10
2
3
0
0
1
4
4
2
3
1
3 5 10
3
1
2
2
4
0
0
1
4
3
3 5 10
0
4
1
1
2
3
4
0
2
3
3 5 10
1
0
3
4
2
2
0
3
1
4
3 5 10
4
1
1
3
3
0
1
1
0
2
3 5 10
4
3
0
0
4
1
4
2
4
2
3 5 10
3
0
4
1
2
2
3
4
1
3
3 5 10
0
4
1
3
0
2
3
0
3
0
3 5 10
3
2
0
4
1
3
4
0
1
0
3 5 10
0
2
3
1
1
4
3
0
0
3
3 5 10
1
1
0
0
0
0
4
2
0
0
3 5 10
2
2
1
1
1
4
4
0
3
0
3 5 10
3
2
3
3
4
4
1
3
0
4
3 5 10
4
1
4
3
3
0
3
3
3
0
2 5 10
0
2
3
2
4
3
4
2
4
0
2 5 10
0
3
0
3
4
4
2
0
3
3
2 5 10
4
1
0
2
2
0
4
3
0
0
2 5 10
2
0
1
2
3
3
4
2
4
4
2 5 10
0
3
3
2
0
1
2
1
4
1
2 5 10
2
3
1
1
4
0
3
3
3
0
2 5 10
2
4
0
3
2
2
4
0
3
2
2 5 10
2
3
0
3
3
1
0
1
3
2
2 5 10
1
2
2
2
4
3
2
2
0
1
2 5 10
1
1
1
0
3
3
2
4
3
3
4 7 20
3
6
0
2
5
1
4
6
2
3
0
1
5
6
4
2
0
3
1
6
4 7 20
2
2
3
0
5
0
6
1
4
6
4
1
2
5
0
3
4
3
2
6
4 7 20
0
6
2
6
3
1
3
6
6
0
4
4
1
2
5
5
0
3
5
2
4 7 20
2
5
1
3
6
4
4
4
4
5
0
2
6
3
1
2
6
6
0
3
4 7 20
1
6
5
3
4
3
4
5
6
0
2
6
1
4
6
6
0
1
1
1
5 8 20
1
5
0
4
2
1
0
1
7
2
7
6
3
0
1
0
4
7
7
7
5 8 20
5
0
0
3
2
1
6
0
5
7
6
7
6
0
2
7
4
6
2
2
5 8 20
2
3
6
1
5
4
5
1
7
2
6
7
7
7
3
7
3
3
6
6
5 8 20
7
1
5
6
7
2
3
6
1
2
2
3
5
2
5
0
6
7
6
0
5 8 20
0
5
2
1
1
0
4
1
1
6
7
6
5
2
4
1
7
7
6
6
5 8 20
4
7
6
7
1
6
6
4
0
6
1
1
4
2
5
5
4
0
5
5
5 8 20
4
3
4
7
0
0
4
6
5
4
7
2
5
5
6
3
2
0
4
4
5 8 20
0
5
6
7
2
0
4
7
6
0
2
2
7
1
7
2
1
3
7
4
5 8 20
7
4
7
7
7
4
2
2
7
5
0
7
0
4
1
0
6
0
0
7
5 8 20
7
1
4
3
2
7
1
7
1
2
0
1
0
3
1
5
5
3
6
2
5 8 20
0
7
2
2
4
6
7
2
1
3
7
5
2
7
6
3
6
0
2
5
5 8 20
3
2
5
5
4
6
7
6
7
5
6
2
5
7
3
7
5
6
0
7
5 8 20
5
7
6
1
5
5
1
1
5
5
0
5
1
4
1
7
7
0
2
0
5 8 20
2
2
7
5
2
1
0
1
4
3
3
5
0
5
6
5
2
3
4
6
7 10 30
0
0
3
8
9
0
3
7
0
1
7
9
0
5
5
1
9
0
1
3
4
7
8
7
6
4
5
8
9
9
7 10 30
3
1
0
2
2
8
4
4
1
6
0
6
2
4
3
9
4
8
8
5
7
2
9
8
5
6
6
4
8
0
7 10 30
7
4
4
4
5
3
8
3
7
1
3
0
1
8
3
2
5
6
9
0
3
1
7
9
4
4
9
2
7
2
7 10 30
8
8
6
0
5
0
7
8
7
2
2
2
2
0
3
6
2
7
1
1
0
5
0
0
8
5
4
3
9
8
7 10 30
6
0
2
5
2
3
6
5
4
4
7
1
7
3
3
5
2
2
2
9
9
1
6
2
9
0
1
0
1
4
7 10 30
8
4
7
0
2
4
5
0
0
9
7
0
4
2
0
5
4
3
8
1
9
9
4
6
3
5
9
8
1
0
7 10 30
7
5
4
4
1
7
9
6
3
4
1
2
2
4
6
7
4
0
0
7
3
9
4
6
4
5
9
0
6
5
7 10 30
6
0
1
0
8
7
6
3
3
1
1
5
9
2
8
4
1
4
0
7
4
4
7
2
5
0
5
6
2
5
7 10 30
0
7
4
8
2
8
5
5
8
4
0
6
3
5
9
8
0
0
2
6
5
1
9
0
6
7
4
9
3
8
7 10 30
1
1
6
8
3
9
4
1
1
4
9
7
7
9
3
0
3
0
9
9
1
7
3
4
9
2
7
2
7
4
7 10 30
0
6
6
9
2
1
2
8
3
6
6
6
7
8
5
9
6
8
6
5
4
6
2
4
6
9
1
5
1
6
7 10 30
2
3
0
4
0
3
1
8
3
2
3
5
2
9
1
7
9
6
5
4
7
2
1
5
9
0
1
2
8
6
7 10 30
5
2
9
3
6
7
5
2
7
8
5
0
7
9
4
3
0
4
0
4
5
0
3
0
9
5
5
0
0
4
7 10 30
7
0
9
8
9
9
8
6
3
5
0
3
0
4
9
7
8
0
0
0
0
9
0
5
0
1
9
9
5
1
7 10 30
3
5
1
1
9
4
4
0
5
2
8
7
2
2
4
0
3
2
8
8
6
3
9
5
1
7
5
5
7
9
7 10 30
6
0
7
0
4
6
6
6
6
4
7
2
3
4
9
3
0
9
7
7
7
9
6
7
8
8
8
7
6
1
7 10 30
4
3
7
7
8
7
1
8
8
3
2
4
8
4
9
4
7
7
1
1
8
7
6
3
6
4
0
2
1
7
7 10 30
3
9
4
4
4
8
5
3
2
9
7
8
8
8
2
6
0
4
0
3
1
9
4
3
4
9
2
1
6
5
7 10 30
3
7
1
9
2
5
5
9
1
7
6
3
1
1
1
1
4
0
3
2
1
5
3
3
6
1
9
9
8
4
7 10 30
7
7
2
7
5
1
2
3
3
2
6
1
0
8
4
3
0
8
0
0
7
9
3
7
6
3
7
0
4
6
7 20 100
11
8
2
7
17
6
3
10
0
1
11
6
13
3
6
9
5
6
15
5
14
4
12
4
7
1
0
15
17
14
1
13
8
17
6
7
9
15
5
1
2
0
3
6
16
6
6
13
15
2
0
4
8
7
7
17
19
18
4
3
3
7
11
19
11
15
8
13
14
3
7
1
11
1
1
8
14
0
7
10
2
16
8
3
4
15
8
10
15
10
5
8
19
0
5
19
9
10
0
18
8 20 100
4
10
12
5
6
6
2
3
7
5
12
12
0
9
6
14
8
17
16
19
14
17
14
14
10
10
18
0
0
0
3
11
9
2
18
4
9
4
12
6
15
15
12
11
1
5
14
12
12
12
18
19
13
18
0
14
18
15
7
14
13
1
7
2
9
2
2
1
6
17
3
10
10
8
18
18
17
18
8
5
14
2
9
13
16
3
12
13
3
13
17
19
12
17
1
9
6
10
9
3
12 20 100
13
2
19
18
10
18
13
19
17
17
2
17
1
10
8
1
4
4
16
16
19
9
16
7
15
14
14
18
0
13
7
16
5
9
0
5
2
18
15
8
11
0
18
0
8
0
12
7
14
19
13
19
13
5
4
8
1
1
17
8
14
11
11
16
9
8
10
6
9
3
13
3
0
18
16
9
8
17
17
9
17
12
8
4
1
15
18
0
7
5
7
9
14
17
11
12
7
4
16
16
11 40 100
11
1
23
24
3
16
36
8
32
18
1
2
16
22
32
28
14
23
7
28
25
22
33
37
30
1
24
8
27
9
2
22
23
5
4
23
25
4
1
2
26
21
14
31
31
4
38
28
12
29
6
38
1
10
36
10
9
35
20
31
1
31
18
0
28
25
1
16
10
38
22
15
11
28
25
16
36
24
22
30
13
21
3
29
36
26
0
19
5
0
9
1
29
37
26
31
26
26
9
35
13 40 100
17
11
9
9
28
14
18
15
0
29
36
13
30
33
19
23
4
18
36
3
20
16
36
5
26
13
23
20
36
34
33
18
33
28
28
20
8
26
28
17
14
6
26
12
8
23
39
30
6
28
33
6
38
26
15
21
17
11
4
1
38
17
16
5
25
27
22
10
16
3
19
33
25
17
6
8
38
16
28
7
12
38
30
16
22
39
0
13
10
29
37
4
37
29
17
29
28
30
2
9
1 40 100
17
11
9
9
28
14
18
15
0
29
36
13
30
33
19
23
4
18
36
3
20
16
36
5
26
13
23
20
36
34
33
18
33
28
28
20
8
26
28
17
14
6
26
12
8
23
39
30
6
28
33
6
38
26
15
21
17
11
4
1
38
17
16
5
25
27
22
10
16
3
19
33
25
17
6
8
38
16
28
7
12
38
30
16
22
39
0
13
10
29
37
4
37
29
17
29
28
30
2
9
40 40 100
17
11
9
9
28
14
18
15
0
29
36
13
30
33
19
23
4
18
36
3
20
16
36
5
26
13
23
20
36
34
33
18
33
28
28
20
8
26
28
17
14
6
26
12
8
23
39
30
6
28
33
6
38
26
15
21
17
11
4
1
38
17
16
5
25
27
22
10
16
3
19
33
25
17
6
8
38
16
28
7
12
38
30
16
22
39
0
13
10
29
37
4
37
29
17
29
28
30
2
9
