-0.5 1
3
-0.9 -0.1
-0.2 2
-0.7 1


0 1
3
0 0.25
0.25 0.75
0.75 0.999


0 1
3
0 0.25
0.25 0.75
0.75 1
1 1
1
1 1


0 1
5
0 0.25
0.20 0.50
0.25 0.75
0.25 0.76
0.75 1


0 1
5
0.1 0.25
0.20 0.50
0.25 0.75
0.25 0.76
0.75 1


0 1
5
0 0.25
0.20 0.50
0.25 0.75
0.25 0.76
0.77 1


0 3
3
0 2
3 5
7 10


0 5
5
0 5
0 7
2 10
5 10
7 12


0 10
4
0 4
3 7
8 10
9 12


0 10
6
0 3
2 5
4 6
5 9
8 10
9 11


0 10
4
0 2
2 5
5 8
8 10


0 5
4
0 0
1 2
3 3
4 5


0 10
7
0 3
2 5
4 7
6 9
8 10
3 4
0 1


0 10
5
0 1
1 2
0 9
3 5
8 10


0 10
5
-5 -1
-2 3
2 6
4 10
9 12


0 10
1
-1.5 10.5


-1.5 10.32
4
-1.5 2.0
2.1 5.5
5.5 7.0
7.5 10.5


-2.5 10.32
5
-2.5 1.0
-1.0 4.5
3.5 8.5
8.0 10.5
9.5 12.0


-1.0 10.4
6
-1.0 0.5
0.5 2.0
2.0 3.5
3.5 6.0
5.5 8.0
7.5 10.5


-5.0 4
4
-5.0 -2.5
-4.5 -1.0
-3.0 0.0
-2.0 2.0


-5.5 10.5
4
-5.5 -1.5
-1.5 0.0
0.0 3.5
3.5 10.5


-0.5 10.5
8
-0.5 0.1
0.05 0.5
0.5 1.0
1.0 1.5
1.5 2.0
2.0 2.5
2.5 3.0
3.0 10.5


0 5
2
1 2
2 5


0 1
1
0 0.50000


0 1
1
0.49000 1


0 1
1
0.000001 1


0 1
1
0 0.999999


0 0.999999
1
0 0.99999


0 1
1
-1 0


0 1
2
1 2
3 4


0 2
3
0 0
0 1
0 2


0 2
3
0 0
0 1
1 1


0 2
3
1 1
1 2
2 2


0 2
3
0 1
1 1
1 2


0 2
4
0 0
0 1
1 1
1 2


0 2
4
0 1
1 1
1 2
2 2


0 2
4
0 0
0 1
0 2
1 1


0 2
4
0 0
0 2
1 1
2 2


0 2
5
0 0
0 1
0 2
1 1
1 2


0 2
5
0 1
1 1
1 2
0 0
2 2


-3 -1
5
0 1
-1 -1
-2 -1
-4 -2
-1 3


0 10
8
0 3
1 4
2 5
3 6
4 7
5 8
6 9
7 10
